0,546
0,545
0,544
0,243
0,543
0,542
0,541
0,386
0,540
0,539
0,538
0,472
0,273
0,270
3,2
10,79
10,181
10,97
10,315
10,293
10,307
10,205
9,5
9,2
9,3
8,16
8,15
8,11
8,13
65,4
65,3
8,17
8,10
65,2
65,1
65,0
58,5
58,4
58,3
58,2
58,1
58,0
56,5
56,4
56,3
56,2
56,1
56,0
55,3
55,2
55,1
55,0
54,4
54,3
54,2
54,1
54,0
53,4
53,3
53,2
53,1
51,3
51,1
12,3
12,2
12,1
11,30
11,29
11,27
11,26
11,25
11,23
11,22
11,21
11,20
11,18
11,16
11,15
11,14
11,13
11,12
11,11
11,10
11,9
11,8
11,7
11,5
11,4
11,3
11,2
11,1
10,310
20,2
20,1
10,309
10,303
10,301
20,3
10,299
10,298
10,296
10,279
19,2
19,1
10,265
10,254
19,3
10,248
10,247
10,236
10,234
10,233
10,231
10,223
10,220
10,211
10,207
10,204
10,194
